100 389
1 2
1 6
1 19
1 35
1 38
1 41
1 42
1 51
1 64
1 80
1 93
2 6
2 35
2 38
2 64
2 80
2 91
3 24
3 26
3 31
3 45
3 54
3 74
3 78
3 81
3 99
4 7
4 10
4 14
4 29
4 34
4 36
4 40
4 69
5 20
5 30
5 39
5 53
5 55
5 61
5 65
5 68
5 83
5 96
6 35
6 38
6 41
6 51
6 64
6 80
6 91
7 10
7 14
7 29
7 34
7 36
7 40
7 69
8 14
8 21
8 27
8 66
8 75
8 79
8 86
9 13
9 18
9 31
9 45
9 54
9 76
9 90
9 96
10 26
10 29
10 36
10 40
10 69
10 81
10 82
10 84
11 16
11 19
11 28
11 37
11 42
11 58
11 60
11 62
11 95
11 100
12 25
12 50
12 67
12 100
13 46
13 47
13 63
14 21
14 34
14 66
14 79
15 23
15 50
15 57
15 70
15 72
15 87
15 92
15 97
15 98
16 19
16 28
16 37
16 42
16 58
16 60
16 62
16 95
17 22
17 23
17 30
17 57
17 59
17 70
18 20
18 30
18 31
18 45
18 55
18 65
18 83
18 96
19 28
19 37
19 41
19 42
19 58
19 60
19 62
19 64
19 93
19 95
20 39
20 43
20 55
20 61
20 65
20 68
20 83
20 96
21 66
21 75
22 30
22 31
22 56
22 57
22 59
22 65
22 70
22 96
23 57
23 70
23 72
23 92
24 26
24 45
24 54
24 74
24 76
24 82
24 94
24 99
25 49
25 52
25 67
25 77
25 87
25 97
25 98
26 33
26 40
26 74
26 81
26 82
26 84
26 85
26 94
27 35
27 51
27 75
27 79
27 86
27 93
28 37
28 41
28 42
28 58
28 60
28 62
28 95
29 36
29 40
29 69
29 81
30 31
30 39
30 57
30 59
30 65
30 70
30 96
31 45
31 59
31 65
31 78
31 96
31 99
32 48
32 71
33 82
33 84
33 85
33 94
35 38
35 51
35 64
35 80
35 91
35 93
36 40
36 69
36 74
36 78
36 81
37 41
37 42
37 58
37 60
37 62
37 93
37 95
38 41
38 42
38 64
38 80
38 91
39 53
39 55
39 57
39 61
39 65
39 68
39 70
39 83
39 88
40 69
40 81
40 82
40 84
41 42
41 60
41 64
41 80
42 58
42 60
42 64
42 93
42 95
43 55
43 61
43 68
43 83
43 89
44 52
44 77
44 87
44 92
44 97
44 98
45 54
45 74
45 76
45 90
45 99
46 47
46 63
46 90
47 63
48 56
48 71
49 77
50 67
50 72
50 87
50 92
50 97
50 98
50 100
51 64
51 75
51 80
51 86
51 93
52 77
52 87
52 92
52 97
52 98
53 55
53 61
53 68
53 88
53 89
54 74
54 76
54 90
55 61
55 65
55 68
55 83
55 96
56 59
56 78
56 99
57 70
57 92
58 60
58 62
58 95
59 65
59 78
59 99
60 62
60 95
61 68
61 83
61 88
61 89
62 95
62 100
64 80
64 91
64 93
65 83
65 96
66 75
66 79
67 87
67 100
68 83
68 88
68 89
69 81
70 92
71 86
72 87
72 92
72 97
72 98
72 100
74 81
74 82
74 94
74 99
75 79
75 86
76 90
77 97
78 81
78 99
79 86
80 91
81 99
82 84
82 85
82 94
83 96
84 85
85 94
86 93
87 92
87 97
87 98
87 100
88 89
92 97
92 98
97 98
