1000 2981
1 38
1 64
1 191
1 273
1 853
1 859
2 91
2 167
2 378
2 575
2 683
2 843
2 914
3 24
3 197
3 200
3 280
3 782
3 856
4 7
4 346
4 470
4 744
4 769
5 20
5 83
5 147
5 288
5 688
5 689
5 936
6 35
6 80
6 156
6 551
6 785
6 789
7 346
7 384
7 451
7 470
7 939
8 206
8 318
8 401
8 486
8 710
8 987
9 116
9 400
9 415
9 582
9 618
9 706
10 110
10 216
10 502
10 646
10 788
11 95
11 272
11 435
11 567
11 616
11 821
12 67
12 523
12 576
12 662
12 891
13 46
13 366
13 417
13 547
13 733
13 778
13 825
14 179
14 186
14 324
14 583
14 917
15 72
15 154
15 337
15 387
15 524
15 605
15 752
15 984
16 177
16 488
16 517
16 612
16 648
16 699
16 751
16 835
17 22
17 106
17 148
17 403
17 504
17 900
18 96
18 116
18 469
18 706
18 925
19 37
19 391
19 450
19 728
19 924
19 929
20 55
20 83
20 236
20 603
20 936
21 66
21 252
21 311
21 619
21 876
22 403
22 626
22 671
22 904
23 240
23 256
23 392
23 438
23 564
23 684
23 716
23 787
24 280
24 327
24 790
24 905
25 169
25 305
25 753
25 809
25 829
26 82
26 85
26 234
26 328
26 439
26 476
26 650
26 994
27 102
27 468
27 514
27 718
27 743
27 959
28 381
28 488
28 496
28 517
28 532
28 612
28 835
29 69
29 145
29 216
29 676
29 857
30 385
30 564
30 626
30 855
30 903
31 432
31 500
31 560
31 794
31 921
31 954
32 245
32 350
32 375
32 377
32 546
32 806
33 353
33 426
33 739
33 766
33 894
34 170
34 171
34 213
34 436
34 460
34 697
34 849
35 420
35 538
35 551
35 867
36 196
36 395
36 828
36 857
36 941
37 60
37 187
37 381
37 391
37 496
37 813
37 929
38 64
38 273
38 853
38 859
39 112
39 147
39 220
39 288
39 688
39 689
39 936
40 275
40 296
40 342
40 497
40 747
41 149
41 472
41 577
41 608
41 760
41 860
41 868
42 505
42 574
42 580
42 641
42 761
42 924
43 136
43 138
43 368
43 556
43 615
43 653
44 52
44 374
44 409
44 423
44 509
44 651
44 875
45 54
45 113
45 120
45 283
45 408
45 511
45 822
45 967
45 972
46 339
46 390
46 417
46 471
46 825
47 241
47 445
47 621
47 776
47 802
48 127
48 207
48 465
48 597
48 784
48 812
49 678
49 780
49 890
49 930
49 949
50 284
50 386
50 410
50 441
50 562
50 601
51 185
51 191
51 314
51 468
51 732
52 409
52 423
52 429
52 957
53 88
53 121
53 151
53 573
53 913
53 996
54 283
54 416
54 498
54 822
54 847
54 922
54 972
55 83
55 236
55 936
55 983
56 78
56 338
56 555
56 565
56 898
57 70
57 446
57 654
57 816
57 818
57 926
58 242
58 343
58 355
58 709
58 815
59 286
59 382
59 473
59 600
59 630
60 381
60 532
60 728
60 929
61 68
61 209
61 228
61 317
61 831
62 232
62 251
62 508
62 616
62 714
62 978
63 178
63 634
63 811
63 848
63 992
63 997
64 273
64 853
64 859
65 119
65 128
65 131
65 188
65 620
65 720
65 888
65 928
66 252
66 311
66 333
66 348
66 526
66 619
66 876
67 455
67 523
67 662
67 891
68 317
68 437
68 499
68 615
68 657
68 775
69 145
69 216
69 676
69 857
70 446
70 640
70 654
70 816
70 818
70 926
71 221
71 261
71 308
71 407
71 503
71 613
71 965
72 154
72 387
72 605
72 752
72 984
73 334
73 537
73 610
73 664
73 708
73 719
73 830
73 937
74 141
74 182
74 322
74 398
74 905
75 226
75 479
75 531
75 572
75 730
75 840
75 931
76 90
76 114
76 243
76 335
76 512
76 513
76 765
76 832
77 271
77 421
77 424
77 756
77 808
77 883
77 973
78 111
78 200
78 338
78 555
78 565
78 898
79 102
79 164
79 227
79 267
79 915
80 156
80 551
80 785
80 789
81 225
81 298
81 316
81 439
81 478
81 627
81 877
82 85
82 162
82 328
82 353
82 426
83 288
83 603
84 529
84 550
84 639
84 659
84 919
84 974
85 234
85 328
85 476
86 264
86 267
86 351
86 594
86 861
87 254
87 443
87 562
87 601
87 649
88 151
88 696
88 870
88 913
89 203
89 635
89 724
89 942
89 958
90 243
90 512
90 513
90 618
91 277
91 575
91 683
91 914
92 295
92 356
92 449
92 566
92 658
92 944
93 157
93 229
93 672
93 721
93 854
94 358
94 476
94 544
94 920
94 994
95 272
95 435
95 567
95 821
96 119
96 188
96 189
96 415
96 469
96 706
96 841
96 925
97 319
97 363
97 651
97 668
97 722
97 956
98 176
98 204
98 295
98 566
98 652
98 727
99 197
99 457
99 675
99 782
99 856
99 961
100 239
100 269
100 527
100 752
100 989
101 202
101 310
101 400
101 415
101 713
102 217
102 514
102 718
102 959
103 419
103 522
103 531
103 534
103 663
103 730
104 246
104 336
104 492
104 494
104 885
104 908
105 230
105 511
105 568
105 600
105 630
106 148
106 312
106 504
106 900
107 112
107 359
107 482
107 588
107 617
107 783
107 866
108 385
108 681
108 704
108 855
108 903
109 119
109 202
109 373
109 440
109 625
110 145
110 216
110 353
110 502
110 646
110 788
111 141
111 322
111 726
111 898
112 482
112 689
112 783
112 936
113 408
113 511
113 568
113 967
114 335
114 493
114 765
114 832
115 254
115 329
115 624
115 654
115 767
116 415
116 582
116 706
117 140
117 174
117 270
117 771
117 797
117 837
117 881
118 394
118 631
118 702
118 744
118 769
119 188
119 415
119 440
119 620
119 925
120 388
120 408
120 484
120 560
120 951
121 151
121 573
121 748
121 913
121 996
122 218
122 362
122 519
122 642
122 725
122 969
123 265
123 679
123 729
123 736
123 948
123 986
124 181
124 211
124 306
124 425
124 500
124 711
124 745
124 921
125 680
125 738
125 805
125 810
125 824
125 961
126 168
126 290
126 464
126 647
126 660
126 717
127 207
127 597
127 784
127 786
127 806
127 812
128 131
128 360
128 535
128 928
129 525
129 536
129 674
129 686
129 870
130 261
130 282
130 308
130 454
130 613
131 360
131 535
131 720
131 888
132 166
132 294
132 444
132 559
132 861
133 134
133 180
133 236
133 584
133 712
133 946
133 983
134 160
134 547
134 584
134 712
134 983
135 331
135 528
135 820
135 844
135 912
135 980
136 368
136 556
136 615
136 653
136 741
137 165
137 554
137 586
137 777
137 995
138 501
138 602
138 653
138 950
139 239
139 397
139 464
139 717
139 781
139 964
140 174
140 222
140 290
140 647
140 771
140 797
140 881
141 182
141 322
141 726
142 146
142 279
142 343
142 355
142 751
143 144
143 444
143 559
143 589
143 656
143 842
144 292
144 399
144 444
144 589
144 656
144 842
145 216
145 502
145 676
146 279
146 343
146 355
146 751
147 220
147 288
147 688
147 936
148 403
148 504
148 900
149 472
149 563
149 608
149 760
149 860
150 257
150 477
150 485
150 579
150 882
150 883
151 573
151 748
151 749
151 913
152 451
152 694
152 758
152 844
152 939
153 161
153 310
153 540
153 740
153 971
154 387
154 605
154 752
154 984
155 281
155 320
155 365
155 427
155 434
155 516
155 988
156 551
156 785
156 789
157 229
157 463
157 672
157 854
157 884
158 212
158 321
158 398
158 768
158 905
159 167
159 345
159 420
159 538
159 701
159 834
159 843
160 236
160 547
160 712
160 737
161 347
161 540
161 625
161 740
161 971
162 196
162 395
162 828
162 941
162 963
163 606
163 757
163 792
163 798
163 911
164 267
164 293
164 413
164 915
164 977
165 223
165 554
165 569
165 586
165 777
165 880
165 958
165 995
166 229
166 294
166 341
166 559
166 861
166 909
167 345
167 378
167 701
167 834
167 843
168 183
168 312
168 570
168 647
168 660
169 393
169 795
169 803
169 809
169 829
170 171
170 186
170 213
170 436
170 697
170 940
171 213
171 436
171 578
171 628
171 889
171 940
172 330
172 596
172 790
172 805
172 824
172 838
173 210
173 376
173 742
173 849
173 934
174 222
174 527
174 797
175 301
175 354
175 595
175 623
175 726
175 754
175 981
176 214
176 405
176 649
176 652
177 350
177 517
177 546
177 612
177 648
177 699
178 445
178 602
178 776
178 848
179 186
179 486
179 629
179 917
180 482
180 584
180 935
180 946
180 983
181 592
181 711
181 904
181 921
182 212
182 321
182 322
182 354
182 398
182 726
182 768
183 312
183 397
183 660
183 684
184 248
184 593
184 670
184 695
184 852
184 982
185 300
185 314
185 732
185 804
185 960
186 430
186 583
187 261
187 308
187 496
187 813
188 620
188 925
189 469
189 681
189 841
189 925
189 928
190 274
190 297
190 456
190 827
190 899
191 314
191 468
191 759
191 772
191 853
191 859
192 334
192 637
192 708
192 793
192 937
193 340
193 362
193 487
193 490
193 642
194 212
194 325
194 402
194 491
194 755
194 863
194 918
195 250
195 367
195 414
195 873
195 916
196 395
196 828
196 941
196 963
197 200
197 457
197 782
197 856
198 252
198 303
198 311
198 352
198 442
198 858
199 247
199 638
199 661
199 791
199 830
200 856
200 898
201 313
201 389
201 539
201 952
201 993
202 310
202 400
202 415
202 440
202 706
202 713
203 635
203 724
203 942
203 958
203 990
204 295
204 389
204 566
204 666
205 241
205 249
205 258
205 802
205 839
206 318
206 419
206 486
206 867
206 987
207 465
207 597
207 784
207 786
207 812
208 391
208 431
208 503
208 813
208 965
209 228
209 317
209 748
209 749
209 831
210 376
210 522
210 531
210 730
210 742
210 934
211 306
211 416
211 425
211 500
211 745
211 922
212 321
212 398
212 768
213 436
213 940
214 405
214 649
214 693
214 975
215 238
215 335
215 645
215 711
215 976
216 676
217 514
217 631
217 718
217 732
217 906
217 959
218 362
218 519
218 571
218 642
218 725
218 910
219 346
219 413
219 533
219 593
219 695
219 977
220 288
220 313
220 688
220 707
221 282
221 454
221 613
221 907
222 290
222 527
222 797
223 554
223 569
223 586
223 634
223 811
223 880
223 947
224 251
224 520
224 548
224 667
224 715
224 837
225 316
225 478
225 627
225 877
226 479
226 489
226 530
226 572
226 931
227 264
227 594
227 598
227 743
227 915
228 317
228 604
228 846
229 341
229 463
229 854
229 884
230 388
230 484
230 511
230 568
230 951
231 542
231 614
231 800
231 814
231 970
232 508
232 616
232 714
232 750
232 978
233 481
233 581
233 762
233 864
233 927
234 328
234 439
234 476
234 650
234 994
235 361
235 475
235 691
235 764
235 779
235 807
236 936
236 983
237 329
237 474
237 624
237 767
237 826
238 335
238 645
238 902
238 976
239 269
239 752
239 984
240 256
240 438
240 564
240 787
241 445
241 621
241 673
241 802
241 839
242 343
242 709
242 815
242 821
243 512
243 513
243 618
244 266
244 352
244 442
244 461
244 746
245 323
245 375
245 377
245 448
246 492
246 539
246 869
246 885
246 938
246 952
247 638
247 661
247 791
247 830
248 593
248 633
248 670
248 695
248 982
249 258
249 366
249 547
249 778
249 839
250 276
250 326
250 367
250 873
250 916
251 508
251 520
251 548
251 714
252 311
252 619
252 746
253 428
253 759
253 772
253 871
253 953
254 443
254 524
254 562
254 601
255 639
255 735
255 763
255 796
255 879
256 438
256 716
256 787
256 901
257 429
257 467
257 477
257 485
257 545
257 883
257 999
258 366
258 778
258 839
259 674
259 773
259 878
259 893
259 991
260 379
260 455
260 576
260 652
260 727
260 807
260 897
261 308
261 613
261 965
262 412
262 436
262 480
262 723
262 858
262 940
263 428
263 433
263 672
263 721
263 734
263 895
264 351
264 594
264 598
264 743
264 772
265 291
265 411
265 585
265 679
265 729
265 932
265 948
266 442
266 461
266 638
266 719
267 351
267 594
267 915
268 299
268 359
268 396
268 604
268 609
268 846
268 935
269 386
269 590
269 655
269 752
269 984
269 989
270 548
270 715
270 771
270 837
271 424
271 882
271 962
271 973
272 435
272 567
272 821
273 853
273 859
274 297
274 316
274 456
274 827
274 899
275 296
275 426
275 497
275 646
275 739
275 747
275 788
276 367
276 414
276 518
276 667
276 685
276 873
277 315
277 575
277 683
277 914
278 584
278 587
278 657
278 712
278 946
279 343
279 355
279 447
279 751
280 327
280 790
280 905
281 320
281 365
281 427
281 434
281 988
282 454
282 827
282 907
283 498
283 822
283 847
283 972
284 386
284 410
284 441
284 562
285 340
285 515
285 525
285 536
285 910
286 382
286 473
286 600
286 630
286 872
287 459
287 550
287 622
287 659
287 703
287 852
287 982
288 688
289 405
289 523
289 690
289 801
289 891
289 955
290 527
290 647
290 717
291 644
291 679
291 887
291 948
292 399
292 589
292 842
292 864
293 413
293 633
293 670
293 977
294 341
294 463
294 559
294 909
295 356
295 389
295 566
295 666
295 865
296 342
296 497
296 529
296 739
296 747
297 456
297 827
297 899
298 316
298 358
298 439
298 478
298 627
299 396
299 409
299 609
299 611
299 846
299 874
300 302
300 314
300 665
300 804
300 853
301 595
301 623
301 754
301 981
302 314
302 665
302 789
302 804
303 352
303 460
303 697
303 723
303 858
304 326
304 458
304 518
304 570
304 881
305 374
305 404
305 549
305 753
305 809
305 829
306 416
306 425
306 500
306 711
306 745
306 922
306 976
307 331
307 528
307 820
307 912
307 980
308 613
308 965
309 349
309 558
309 686
309 692
309 696
309 870
310 400
310 713
310 740
310 971
311 619
311 876
312 660
312 684
313 389
313 539
313 688
314 665
314 804
314 853
314 859
315 406
315 489
315 575
315 591
315 774
315 931
316 478
316 877
317 831
318 486
318 867
318 960
318 987
319 363
319 651
319 668
319 956
320 407
320 427
320 431
321 398
321 402
321 768
322 398
322 726
323 375
323 448
323 599
323 736
324 394
324 401
324 702
324 710
324 744
324 769
324 917
325 354
325 402
325 755
325 863
325 918
326 458
326 518
326 570
326 685
326 873
327 596
327 790
327 905
328 476
328 994
329 474
329 624
329 767
329 826
330 596
330 680
330 805
330 838
331 528
331 796
331 819
331 833
331 912
331 980
332 561
332 675
332 698
332 850
332 862
333 348
333 376
333 526
333 530
333 876
334 708
334 793
334 937
335 645
335 765
335 976
336 380
336 494
336 603
336 908
337 387
337 524
337 605
337 816
337 901
338 555
338 565
338 644
338 898
339 347
339 390
339 471
339 737
339 823
339 825
340 487
340 515
340 817
340 930
341 559
341 861
341 909
342 497
342 529
342 550
343 355
343 821
344 377
344 462
344 466
344 682
344 806
345 538
345 701
345 843
346 357
346 533
346 593
347 390
347 471
347 540
348 376
348 526
348 530
348 876
349 558
349 692
349 696
349 741
349 1000
350 546
350 648
350 699
351 594
351 861
352 442
352 610
352 858
353 426
353 646
354 402
354 726
356 449
356 566
356 897
356 944
357 533
357 593
357 639
357 735
358 491
358 544
358 677
358 920
359 396
359 604
359 609
359 866
359 935
360 535
360 720
360 888
361 404
361 475
361 549
361 691
362 490
362 519
363 374
363 509
363 956
364 371
364 515
364 674
364 799
364 893
365 407
365 427
365 434
366 547
366 733
366 778
366 825
367 414
367 873
367 916
368 556
368 615
368 653
369 705
369 766
369 894
369 919
369 966
369 974
370 507
370 578
370 628
370 700
370 889
371 515
371 606
371 757
371 792
371 798
372 418
372 434
372 632
372 892
372 907
372 979
373 380
373 440
373 492
373 625
374 404
374 509
374 549
374 753
374 875
375 448
375 599
376 730
376 742
376 840
376 934
377 462
377 465
377 682
377 806
378 406
378 701
378 774
379 455
379 652
379 727
379 807
379 897
380 494
380 625
380 908
381 496
381 532
382 473
382 872
382 900
382 954
383 422
383 557
383 563
383 669
383 943
384 430
384 451
384 470
384 578
384 939
385 704
385 855
385 903
386 441
386 590
386 655
386 955
386 989
387 901
387 968
387 998
388 408
388 484
388 511
388 560
388 568
388 951
389 666
389 865
390 471
390 823
390 825
391 728
391 813
391 924
391 929
392 397
392 684
392 716
392 781
392 787
392 968
393 687
393 795
393 803
393 809
394 702
394 744
394 769
395 439
395 828
395 877
395 941
395 963
396 588
396 609
396 866
396 935
397 464
397 660
397 684
397 781
397 964
398 768
398 905
399 589
399 842
399 864
400 713
401 702
401 710
401 917
401 933
402 726
402 755
402 768
402 863
402 918
403 626
403 900
404 549
404 753
405 523
405 690
405 801
406 489
406 591
406 774
406 834
407 427
407 431
407 503
407 613
408 484
408 560
408 822
408 951
409 423
409 509
409 957
410 441
410 562
410 605
410 984
411 585
411 729
411 750
411 932
412 507
412 628
412 637
412 700
413 915
413 977
414 667
414 873
414 916
415 706
415 713
416 745
416 822
416 922
417 471
417 733
417 825
418 632
418 892
418 907
418 979
419 486
419 534
419 629
419 663
420 506
420 538
420 834
420 845
421 636
421 687
421 756
421 795
421 803
421 808
422 557
422 563
422 669
422 943
423 509
423 875
423 957
424 808
424 882
424 962
424 973
425 500
425 711
425 745
425 922
426 646
427 431
428 851
428 871
428 953
429 545
429 611
429 957
429 999
430 470
430 578
430 583
431 503
432 484
432 560
432 600
432 794
432 954
433 483
433 721
433 734
433 851
433 871
433 886
433 895
433 953
434 516
434 979
435 567
435 821
436 480
436 940
437 499
437 501
437 673
437 775
438 564
438 684
439 627
439 650
439 963
440 740
441 590
441 655
441 955
442 461
442 746
443 601
443 649
443 975
444 559
444 589
445 621
445 673
445 776
445 802
446 640
446 681
446 704
446 816
446 818
446 926
447 488
447 532
447 751
447 835
448 599
448 736
448 986
449 566
449 727
449 897
449 944
450 505
450 510
450 574
450 728
450 761
450 924
450 985
451 694
451 758
451 939
452 495
452 521
452 561
452 850
452 862
453 521
453 552
453 607
453 731
453 945
454 613
454 892
454 907
455 576
455 662
455 764
455 779
456 827
456 899
457 675
457 782
457 856
457 961
458 518
458 570
458 685
458 881
459 622
459 633
459 670
459 703
460 697
460 723
460 849
460 858
461 619
461 746
462 466
462 682
462 887
463 543
463 854
463 884
463 909
464 717
464 964
465 786
465 806
466 682
466 736
466 887
467 687
467 829
467 883
467 999
468 718
468 732
469 841
469 925
470 583
470 744
470 769
471 737
471 823
471 825
472 577
472 608
472 760
472 860
472 868
473 504
473 872
473 900
474 624
474 693
474 767
474 826
475 691
475 779
475 807
476 544
476 650
476 994
477 485
477 545
477 999
478 627
479 506
479 572
479 845
479 931
480 723
480 858
480 940
481 581
481 762
481 864
481 923
481 927
481 988
482 866
482 983
483 734
483 851
483 886
483 895
484 511
484 560
484 568
484 794
484 951
485 545
485 579
485 611
485 874
486 534
486 629
486 663
487 490
487 606
487 817
487 930
487 949
488 517
488 532
488 612
488 751
488 835
489 591
489 774
489 931
490 817
490 930
491 544
491 677
491 920
492 869
492 885
492 938
492 952
493 498
493 765
493 832
493 847
493 976
494 625
494 885
494 908
495 521
495 541
495 561
495 607
495 698
495 850
496 532
496 612
497 529
497 739
497 747
498 832
498 847
498 972
499 587
499 657
499 673
499 775
500 711
500 745
500 921
501 602
501 621
501 673
501 776
501 950
502 676
502 788
503 613
503 965
504 900
505 510
505 574
505 641
505 761
505 924
505 985
506 572
506 834
506 845
507 628
507 700
507 889
508 548
508 616
508 978
509 875
510 761
510 924
510 985
511 568
511 951
512 618
512 765
513 582
513 618
513 896
513 902
514 631
514 718
514 906
514 959
515 792
516 632
516 762
516 927
516 988
517 532
517 612
517 751
517 835
518 685
518 771
518 837
519 642
519 725
519 969
520 552
520 667
520 714
521 552
521 585
521 607
521 731
521 945
522 531
522 534
522 730
522 934
523 690
523 801
523 891
524 605
524 816
525 536
525 674
525 686
525 870
526 530
526 876
527 647
527 717
528 820
528 912
528 980
529 705
529 739
529 894
530 931
531 730
532 612
532 835
533 593
533 695
534 629
534 663
535 888
535 928
536 674
536 910
537 610
537 664
537 719
537 937
538 701
538 843
539 869
539 938
539 952
539 993
540 625
540 971
541 607
541 698
541 850
541 862
542 614
542 680
542 800
542 814
543 557
543 669
543 884
543 923
544 920
544 994
545 611
545 874
545 999
546 648
546 699
548 715
549 753
550 622
550 659
551 785
551 789
552 607
552 731
552 945
553 617
553 651
553 668
553 707
553 783
554 586
554 777
554 995
555 565
555 644
556 569
556 992
556 997
557 669
557 943
558 692
558 910
558 1000
559 861
559 909
560 951
561 644
561 675
561 850
561 862
562 601
563 580
563 943
564 704
565 887
565 898
566 666
566 727
566 944
567 821
569 880
569 947
570 881
571 692
571 724
571 725
571 969
571 990
571 1000
572 730
572 840
572 931
573 831
573 913
573 996
574 580
574 641
574 924
574 943
575 683
575 914
576 662
576 764
576 779
577 608
577 760
577 868
578 700
578 889
579 748
579 749
579 773
580 641
580 761
581 656
581 762
581 864
581 923
581 927
582 618
582 896
583 917
584 712
584 946
585 729
585 750
585 932
585 945
586 777
586 880
586 947
586 995
587 657
587 673
587 775
588 609
588 617
588 783
588 866
589 656
589 842
590 655
590 989
591 774
591 834
591 845
592 643
592 645
592 671
592 711
592 770
592 836
592 904
593 695
593 977
594 598
594 743
595 623
595 754
595 981
596 790
596 805
596 824
596 838
597 784
597 786
597 812
598 743
598 759
598 772
599 709
599 815
599 986
600 630
600 794
600 954
602 621
602 776
602 950
603 737
603 823
604 609
604 846
604 935
606 757
606 792
606 817
606 911
607 731
607 945
608 760
608 860
608 868
609 846
609 866
609 935
610 664
610 719
611 874
612 699
613 965
614 630
614 800
614 814
614 970
615 653
615 996
616 978
617 651
617 783
618 896
619 746
620 720
620 888
620 928
621 673
621 776
621 950
622 670
622 703
622 852
623 754
623 981
624 654
624 767
626 671
626 904
627 650
627 877
627 963
628 700
628 889
629 663
631 702
631 906
631 933
632 892
632 979
633 670
633 703
634 811
634 848
634 947
634 992
634 997
635 724
635 942
635 958
635 990
636 756
636 798
636 808
636 962
637 708
637 793
637 937
638 661
638 719
638 791
638 830
639 659
639 852
639 919
639 982
640 704
640 816
640 926
641 761
641 985
642 725
642 910
643 645
643 770
643 836
643 902
644 679
645 770
645 896
645 902
646 747
646 788
647 717
647 881
648 699
649 693
649 801
649 975
650 963
650 994
651 668
651 956
652 727
652 897
654 818
655 989
656 923
657 775
658 668
658 707
658 722
658 865
659 852
659 919
660 684
661 791
661 830
662 764
662 779
664 719
664 937
665 804
665 853
666 865
667 685
668 707
668 722
668 956
669 884
669 943
670 695
670 703
671 836
671 904
672 721
672 854
674 799
674 991
675 862
677 755
677 863
677 920
678 780
678 890
678 930
678 949
679 729
679 948
680 738
680 805
680 814
680 838
681 704
681 903
682 887
683 914
685 873
686 696
686 773
686 870
687 756
687 795
687 803
688 689
689 936
690 801
690 891
690 955
691 779
691 807
692 741
692 1000
693 767
693 826
693 975
694 758
694 763
694 819
694 939
695 977
695 982
696 741
696 913
697 849
698 850
698 862
700 889
701 834
701 843
702 710
702 769
702 933
704 855
704 903
705 766
705 894
705 919
705 966
705 974
707 865
708 793
708 937
709 815
709 986
710 917
710 933
712 946
714 945
714 978
715 771
715 837
716 781
716 787
716 968
716 998
717 964
718 732
718 959
720 888
721 734
721 895
722 897
722 944
723 858
723 940
724 942
724 990
725 969
725 990
727 897
728 924
728 929
729 932
729 948
730 840
731 945
733 778
733 825
734 851
734 886
734 895
735 763
735 819
735 833
735 879
736 948
737 823
738 810
738 814
738 961
738 970
739 894
740 971
741 1000
742 840
742 934
744 769
745 922
747 788
748 749
748 831
749 831
750 932
750 978
751 835
752 984
753 829
753 875
754 981
755 863
755 918
756 795
756 808
756 973
757 792
757 798
757 911
758 819
758 844
758 939
759 772
759 859
760 860
760 868
761 985
762 927
762 988
763 796
763 819
763 833
763 879
764 779
764 807
765 832
766 894
766 966
766 974
767 826
767 975
770 836
770 902
771 797
771 837
772 859
773 870
773 878
773 991
776 950
777 995
779 807
780 890
780 930
780 949
781 787
781 964
781 968
782 856
782 961
784 812
785 789
786 806
787 901
787 968
787 998
789 804
790 824
791 830
792 798
792 911
793 937
794 954
795 803
796 819
796 833
796 879
798 911
799 878
799 893
799 991
800 814
800 970
802 839
804 960
805 824
805 961
808 962
808 973
809 829
810 814
810 961
810 970
811 848
811 947
813 929
814 970
815 986
816 818
816 926
817 930
817 949
819 833
820 912
820 980
822 922
823 825
827 899
828 857
828 941
828 963
833 879
834 845
836 904
838 967
841 925
841 928
844 912
844 980
846 874
847 967
847 972
848 992
848 997
849 934
850 862
851 871
851 886
851 895
851 953
852 982
853 859
854 884
855 903
857 941
863 918
864 927
866 935
867 960
867 987
869 938
869 952
869 993
871 953
872 900
872 954
873 916
875 957
878 882
878 893
878 991
880 947
880 995
882 962
883 973
884 909
885 908
886 895
890 930
890 949
891 955
892 907
892 979
893 962
893 991
896 902
897 944
901 998
906 933
906 987
907 979
912 980
913 996
919 966
919 974
921 954
923 988
924 929
924 985
925 928
930 949
938 952
938 993
942 958
948 986
952 993
960 987
961 970
966 974
967 972
968 998
969 990
990 1000
992 997
